0.00011706352233886719
0.00012493133544921875
9.393692016601562e-05
0.00011110305786132812
0.00010228157043457031
0.00010514259338378906
0.0001163482666015625
0.00010180473327636719
0.00011277198791503906
0.00011491775512695312
0.00010800361633300781
9.894371032714844e-05
0.00011396408081054688
0.00010800361633300781
8.869171142578125e-05
0.0001430511474609375
0.00011086463928222656
0.00011205673217773438
0.00010991096496582031
0.00010991096496582031
9.918212890625e-05
9.989738464355469e-05
0.00012540817260742188
0.00010275840759277344
0.00010704994201660156
0.00011110305786132812
8.893013000488281e-05
8.082389831542969e-05
0.00010395050048828125
9.298324584960938e-05
9.989738464355469e-05
0.00013494491577148438
0.00011324882507324219
0.00012183189392089844
0.0001289844512939453
0.00010895729064941406
9.822845458984375e-05
0.00012612342834472656
8.392333984375e-05
8.988380432128906e-05
0.00012993812561035156
0.00011801719665527344
0.00011301040649414062
0.00011515617370605469
